{
 "cells": [
  {
   "cell_type": "markdown",
   "id": "5bc76a82-7b2e-47fe-8791-5fea7e349deb",
   "metadata": {},
   "source": [
    "# Microarray Analysis"
   ]
  },
  {
   "cell_type": "code",
   "execution_count": 62,
   "id": "ea53e349-6875-49fd-b202-b03bade6f3c4",
   "metadata": {},
   "outputs": [],
   "source": [
    "# Extracting Microarray image data\n",
    "from PIL import Image\n",
    "#from Images import imageToPixmapRGB\n",
    "from numpy import array, dstack, transpose, uint8, zeros\n",
    "\n",
    "from numpy import dot, log, sqrt\n",
    "\n",
    "# image to pixmap method from Images.py\n",
    "def imageToPixmapRGB(img):\n",
    "  \n",
    "    img2 = img.convert('RGB')\n",
    "    w, h = img2.size  \n",
    "    data = img2.getdata()\n",
    "\n",
    "    pixmap = array(data, float)\n",
    "    pixmap = pixmap.reshape((h,w,3))\n",
    "  \n",
    "    return pixmap\n",
    "\n",
    "def loadArrayImage(fileName, sampleName, nRows, nCols=None):\n",
    "    \n",
    "    if not nCols:\n",
    "        nCols = nRows\n",
    "    # empty matrix for data\n",
    "    dataMatrix = zeros((3, nRows, nCols), float)\n",
    "    \n",
    "    #read in microarray image and conver to RGB \n",
    "    img = Image.open(fileName)\n",
    "    pixmap = imageToPixmapRGB(img)\n",
    "    \n",
    "    #read size of the pixmap\n",
    "    height, width, depth = pixmap.shape\n",
    "    \n",
    "    dx = width/nCols\n",
    "    dy = height/nRows\n",
    "    xSize = 1 + (width-1)//nCols\n",
    "    ySize = 1 + (height-1)//nRows\n",
    "    \n",
    "    #finds pixel location in rows\n",
    "    for row in range(nRows):\n",
    "        yStart = int(row*dy)\n",
    "        yEnd   = yStart + ySize\n",
    "    \n",
    "        # finds pixel loaction in columns\n",
    "        for col in range(nCols):\n",
    "            xStart = int(col*dx)\n",
    "            xEnd   = xStart + xSize\n",
    "        \n",
    "            elementData = pixmap[yStart:yEnd,xStart:xEnd]\n",
    "            dataMatrix[:, row, col] = elementData.sum(axis=(0,1))\n",
    "    \n",
    "    # creates microarray object with the loaded datamatrix and the samnpleName\n",
    "    return Microarray(sampleName, dataMatrix)\n",
    "    \n",
    "        "
   ]
  },
  {
   "cell_type": "code",
   "execution_count": 63,
   "id": "08166a78-08f0-460b-8e6c-a402b4ff7f42",
   "metadata": {
    "scrolled": true,
    "tags": []
   },
   "outputs": [],
   "source": [
    "# distance methods from SeqVariations.py from the sample code\n",
    "# adding here as support functions for the clustering methods in microarray class\n",
    "\n",
    "def getJoinPair(distMatrix):\n",
    "\n",
    "    n = len(distMatrix)\n",
    "\n",
    "    minQ = None\n",
    "    joinPair = None\n",
    "\n",
    "    for i in range(n-1):\n",
    "        sumRow = sum(distMatrix[i])\n",
    "  \n",
    "    for j in range(i+1, n):\n",
    "        sumCol = sum(distMatrix[j])\n",
    "    \n",
    "    dist = distMatrix[i][j]\n",
    "    q = (n-2)*dist - sumRow - sumCol\n",
    "      \n",
    "    if (minQ is None) or (q < minQ):\n",
    "        minQ = q\n",
    "        joinPair = [i,j]\n",
    "    \n",
    "    return joinPair\n",
    "\n",
    "\n",
    "def getDistToJunction(distMatrix, i, j):\n",
    "  \n",
    "    n = len(distMatrix)\n",
    "    row = distMatrix[i]\n",
    "    column = distMatrix[j]\n",
    " \n",
    "    dist = distMatrix[i][j] + (sum(row)-sum(column))/(n-2)\n",
    "    dist *= 0.5\n",
    "\n",
    "    return dist\n",
    "\n",
    "\n",
    "def neighbourJoinTree(distMatrix):\n",
    " \n",
    "    joinOrder = []\n",
    "    n = len(distMatrix)\n",
    "    tree = list(range(n))  # do not need list() in Python 2\n",
    "  \n",
    "    while n > 2:\n",
    "\n",
    "        x, y = getJoinPair(distMatrix)\n",
    "\n",
    "        node = (tree[x], tree[y])\n",
    "        joinOrder.append(node)\n",
    "        tree.append(node)\n",
    "\n",
    "        del tree[y]\n",
    "        del tree[x]\n",
    "\n",
    "        distX = getDistToJunction(distMatrix, x, y)\n",
    "        distY = getDistToJunction(distMatrix, y, x)\n",
    "\n",
    "        distMatrix.append([0] * (n+1))\n",
    "\n",
    "        for i in range(n):\n",
    "            if i not in (x,y):\n",
    "\n",
    "                dist = (distMatrix[x][i]-distX) + (distMatrix[y][i]-distY)\n",
    "                dist *= 0.5\n",
    "\n",
    "                distMatrix[i].append(dist)\n",
    "                distMatrix[n][i] = dist\n",
    "\n",
    "        del distMatrix[y]\n",
    "        del distMatrix[x]\n",
    "  \n",
    "        for row in distMatrix:\n",
    "            del row[y]\n",
    "            del row[x]\n",
    "\n",
    "        n -= 1\n",
    "\n",
    "    tree = tuple(tree)\n",
    "    joinOrder.append(tree)\n",
    "  \n",
    "    return tree, joinOrder\n"
   ]
  },
  {
   "cell_type": "code",
   "execution_count": 64,
   "id": "0a458590-a0a8-468d-bd86-1b880e3e0ab2",
   "metadata": {
    "tags": []
   },
   "outputs": [],
   "source": [
    "# Microarray Class\n",
    "\n",
    "class Microarray(object):\n",
    "    \n",
    "    # contstructor \n",
    "    def __init__(self, name, data, rowData=None, colData=None):\n",
    "        \n",
    "        self.name = name\n",
    "        data = array(data)\n",
    "        \n",
    "        shape = data.shape\n",
    "        \n",
    "        if len(shape) == 3:\n",
    "            self.nChannels, self.nRows, self.nCols = shape\n",
    "            \n",
    "        elif len(shape) == 2:\n",
    "            self.nRows, self.nCols = shape\n",
    "            self.nChannels = 1\n",
    "            data.reshape((1, self.nRows, self.nCols))\n",
    "            \n",
    "        else: \n",
    "            raise Exception('Array data must have either 2 or 3 axes.')\n",
    "            \n",
    "        self.data = data\n",
    "        self.origData = array(data)\n",
    "        \n",
    "        self.rowData = rowData or range(self.nRows)\n",
    "        self.colData = colData or range(self.nCols)\n",
    "    \n",
    "    \n",
    "    def resetData(self):\n",
    "        \n",
    "        self.data = array(self.origData)\n",
    "        self.nChannels = len(self.data)\n",
    "        \n",
    "        \n",
    "    # writes image data fromn pixmap to a text file \n",
    "    def writeData(self, fileName, separator=''):\n",
    "        \n",
    "        fileObj = open(fileName, 'w')\n",
    "        \n",
    "        for i in range(self.nRows):\n",
    "            rowName = str(self.rowData[i])\n",
    "            \n",
    "            for j in range(self.nCols):\n",
    "                colName = str(self.colData[j])\n",
    "                \n",
    "                values = self.data[:,i,j]\n",
    "                \n",
    "                lineData = [rowName, colName]\n",
    "                lineData += ['%.3f' % (v,) for v in values]\n",
    "                \n",
    "                line = separator.join(lineData)\n",
    "                fileObj.write(line + '\\n')\n",
    "\n",
    "                \n",
    "    # creates image representing microarray data   \n",
    "    def makeImage(self, squareSize=20, channels=None):\n",
    "        \n",
    "        minVal = self.data.min()\n",
    "        maxVal = self.data.max()\n",
    "        dataRange = maxVal - minVal\n",
    "        \n",
    "        adjData = (self.data - minVal) * 255 / dataRange\n",
    "        adjData = array(adjData, uint8)\n",
    "        \n",
    "        if not channels:\n",
    "            if self.nChannels ==1:\n",
    "                channels = (0,0,0) # grayscale\n",
    "                \n",
    "            else: \n",
    "                channels = list(range(self.nChannels))[:3]\n",
    "                \n",
    "        pixmap = []\n",
    "        \n",
    "        for i in channels:\n",
    "            if i is None:\n",
    "                pixmap.append(zeros((self.nRows, self.nCols), uint8))\n",
    "            else:\n",
    "                pixmap.append(adjData[i])\n",
    "        \n",
    "        while len(pixmap) < 3:\n",
    "            pixmap.append(zeros((self.nRows, self.nCols), uint8))\n",
    "            \n",
    "        pixmap = dstack(pixmap)\n",
    "        img = Image.fromarray(pixmap, 'RGB')\n",
    "        \n",
    "        width = self.nCols * squareSize\n",
    "        height = self.nRows * squareSize\n",
    "        img = img.resize ((width, height))\n",
    "        \n",
    "        return img\n",
    "    \n",
    "        \n",
    "    # set lower limit\n",
    "    def clipBaseline(self, threshold=None, channels=None, defaultProp=0.2):\n",
    "        \n",
    "        if not channels:\n",
    "            channels = range(self.nChannels)\n",
    "        \n",
    "        channels = [tuple(channels)]\n",
    "        \n",
    "        \n",
    "        maxVal = self.data[channels].max()\n",
    "        if threshold is None:\n",
    "            limit = maxVal * defaultProp\n",
    "        else:\n",
    "            limit = threshold\n",
    "        \n",
    "        boolArray = self.data[channels] < limit\n",
    "        indices = boolArray.nonzero()\n",
    "        \n",
    "        self.data[indices] = limit\n",
    "        \n",
    "        self.data[channels] -= limit\n",
    "        self.data[channels] *= maxVal / (maxVal-limit)\n",
    "        \n",
    "    # value normalization methods \n",
    "    \n",
    "    def normaliseSd(self, scale=1.0):\n",
    "        for i in range(self.nChannels):\n",
    "            self.data[i] = self.data[i] * scale / self.data[i].std()\n",
    "    \n",
    "    def normaliseMean(self, scale=1.0):\n",
    "        for i in range(self.nChannels):\n",
    "            self.data[i] = self.data[i] * scale / self.data[i].mean()\n",
    "    \n",
    "    def centerMean(self):\n",
    "        for i in range(self.nChannels):\n",
    "            self.data[i] -= self.data[i].mean()\n",
    "\n",
    "    def normailzeZscore(self):\n",
    "        self.centerMean()\n",
    "        self.normaliseSd()\n",
    "        \n",
    "    \n",
    "    def normaliseMax(self, scale=1.0, perChannel=True):\n",
    "        \n",
    "        if perChannel:\n",
    "            for i in range(self.nChannels):\n",
    "                self.data[i] = self.data[i] * scale / self.data[i].max()\n",
    "        else:\n",
    "            self.data = self.data * scale / self.data.max()\n",
    "    \n",
    "    \n",
    "    def normaliseRowMax(self, scale=1.0):\n",
    "        self.data[i] = self.data[i] * scale / self.data[i].max(axis=1)[:,None]\n",
    "        \n",
    "        \n",
    "    def normaliseRowMean(self, scale=1.0):\n",
    "        for i in range(self.nChannels):\n",
    "            self.data[i] = self.data[i] * scale / self.data[i].mean(axis=1)[:,None]\n",
    "            \n",
    "            \n",
    "    def normaliseColMax(self, scale=1.0):\n",
    "        for i in range(self.nChannels):\n",
    "            self.data[i] = self.data[i] * scale / self.data[i].max(axis=0)\n",
    "    \n",
    "    \n",
    "    def normaliseColMean(self, scale=1.0):\n",
    "        for i in range(self.nChannels):\n",
    "            self.data[i] = self.data[i] * scale / self.data[i].mean(axis=0)\n",
    "            \n",
    "    \n",
    "    def normaliseRefs(self, rows, cols, scale=1.0, channels=None):\n",
    "        \n",
    "        if not channels:\n",
    "            channels = range(self.nChannels)\n",
    "            \n",
    "        channels = tuple(channels)\n",
    "        refValues = self.data[channels, rows, cols]\n",
    "        \n",
    "        for i in channels:\n",
    "            self.data[i] = self.data[i] * scale / refValues[i].mean()\n",
    "    \n",
    "    def normaliseLogMean(self):\n",
    "        \n",
    "        self.clipBaseline(threshold=0.0)\n",
    "        \n",
    "        for i in range(self.nChannels):\n",
    "            self.data[i] = log( 1.0 + self.data[i] / self.data[i].mean()) \n",
    "            \n",
    "            \n",
    "    \n",
    "    def normaliseQuantile(self, refData, channel=0):\n",
    "        \n",
    "        values = self.data[channel].flatten()\n",
    "        order = values.argsort()\n",
    "        \n",
    "        refValues = refData.flatten()\n",
    "        refValues.sort()\n",
    "        \n",
    "        refSelection = order.argsort()\n",
    "        values = refValues[refSelection]\n",
    "        \n",
    "        self.data[channel] = values.reshape((self.nRows, self.nCols))\n",
    "        \n",
    "    \n",
    "    def normaliseRowQuantile(self, channel=0):\n",
    "        \n",
    "        channelData = self.data[channel]\n",
    "        orders = channelData.argsort(axis=1)\n",
    "        sortedRows = array(channelData)\n",
    "        sortedRows.sort(axis=1)\n",
    "        refValues = sortedRows.mean(axis=0) # average over columns\n",
    "        \n",
    "        rows = range(self.nRows)\n",
    "        self.data[channel,rows,:] = refValues[orders[rows,:].argsort()]\n",
    "        \n",
    "    \n",
    "    # methods for changing array channels\n",
    "    \n",
    "    def checkDataSize(self, channelData): # for making sure the array size can be loaded\n",
    "    \n",
    "        channelData = array(channelData)\n",
    "\n",
    "        if channelData.shape != (self.nRows, self.nCols):\n",
    "            msg = 'Attempt to use data of wrong size'\n",
    "            raise Exception(msg)\n",
    "\n",
    "        return channelData\n",
    "\n",
    "    \n",
    "    def setChannel(self, channelData, index=0):\n",
    "        \n",
    "        channelData = self.checkDataSize(channelData)\n",
    "        self.data[index] = channelData\n",
    "    \n",
    "    \n",
    "    def addChannel(self, channelData):\n",
    "        \n",
    "        from numpy import append\n",
    "        channelData = self.checkDataSize(channelData)\n",
    "        \n",
    "        self.data = append(self.data, channelData, axis=0)\n",
    "        self.nChannels += 1\n",
    "        \n",
    "    \n",
    "    def swapChannels(self, indexA, indexB):\n",
    "        \n",
    "        self.data[(indexB, indexA)] = self.data[(indexA, indexB)]\n",
    "        \n",
    "    \n",
    "    def removeChannel(self, index):\n",
    "        \n",
    "        from numpy import delete\n",
    "        \n",
    "        if index < self.nChannels:\n",
    "            self.data = delete(self.data, index, axis=0)\n",
    "            self.nChannels -= 1\n",
    "\n",
    "    def combineChannels(self, indexA, indexB, combFunc=None, replace=None):\n",
    "       \n",
    "        if not combFunc:\n",
    "            import operator\n",
    "            combFunc= operator.add\n",
    "            \n",
    "        channelData = combFunc(self.data[indexA], self.data[indexB])\n",
    "        \n",
    "        if replace is None:\n",
    "            self.addChannel(channelData)\n",
    "        else:\n",
    "            self.setChannel(channelData, replace)\n",
    "            \n",
    "    \n",
    "    def __hierarchicalRowCluster(self, dataMatrix):\n",
    "        #from SeqVariation import neighbourJoinTree\n",
    "        n = len(dataMatrix[0])\n",
    "        distanceMatrix = zeros((n, n), float)\n",
    "        \n",
    "        for channelData in dataMatrix:\n",
    "            for i, row in enumerate(channelData):\n",
    "                diffs = channelData - row\n",
    "                sqDiffs = diffs * diffs\n",
    "                sqDists = sqDiffs.sum(axis=1)\n",
    "                distanceMatrix[i,:] += sqDists\n",
    "                \n",
    "        # neighbourJoinTree is used here to create a hierarchical tree\n",
    "        tree, joinOrder = neighbourJoinTree(distanceMatrix.tolist())\n",
    "        \n",
    "        rowOrder = list(tree)\n",
    "        \n",
    "        i=0\n",
    "        while i < len(rowOrder):\n",
    "            while not isinstance(rowOrder[i], int):\n",
    "                rowOrder[i:i+1] = rowOrder[i]\n",
    "            i += 1\n",
    "        \n",
    "        return rowOrder\n",
    "    \n",
    "    \n",
    "    def hierarchicalCluster(self):\n",
    "        \n",
    "        rows = self.__hierarchicalRowCluster(self.data)\n",
    "        swapped = transpose(self.data, axes=(0,2,1))\n",
    "        cols = self.__hierarchicalRowCluster(swapped)\n",
    "        \n",
    "        data = self.data[:,rows] # Rearrange\n",
    "        data = data[:,:,cols]\n",
    "        \n",
    "        # data = array(data.tolist()) # to fix PIL.Image bug\n",
    "        \n",
    "        name = self.name + '-Sorted'\n",
    "        rowData = [self.rowData[i] for i in rows]\n",
    "        colData = [self.colData[j] for j in cols]\n",
    "        sortedArray = Microarray(name, data, rowData, colData)\n",
    "        \n",
    "        return sortedArray\n",
    "    \n",
    "    # for part three of the homework...\n",
    "    def distanceMatrix(self):\n",
    "        \n",
    "        dataMatrix = self.data\n",
    "        n = len(dataMatrix[0])\n",
    "        distanceMatrix = zeros((n, n), float)\n",
    "\n",
    "        for channelData in dataMatrix:\n",
    "            for i, row in enumerate(channelData):\n",
    "                diffs = channelData - row\n",
    "                sqDiffs = diffs * diffs\n",
    "                sqDists = sqDiffs.sum(axis=1)\n",
    "                distanceMatrix[i,:] += sqDists\n",
    "\n",
    "        return distanceMatrix\n"
   ]
  },
  {
   "cell_type": "code",
   "execution_count": 53,
   "id": "37cf6e3b-27bd-45a6-b723-ebdfc8e5b6c5",
   "metadata": {},
   "outputs": [],
   "source": [
    "# TEXTBOOK EXAMPLES #\n",
    "\n",
    "## load example image and create a microarray object\n",
    "#imgFile = 'RedGreenArray.png'\n",
    "#rgArray = loadArrayImage(imgFile, 'TwoChannel', 18, 17)\n",
    "\n",
    "## writing array data to a text file example:\n",
    "# rgArray.writeData('RedGreenArray.txt')\n",
    "# rgArray.makeImage(20).show()\n",
    "\n",
    "## Quantile normalisation example:\n",
    "#rgArray.normaliseQuantile(rgArray.data[1], 0)\n",
    "#rgArray.makeImage(25).show()\n",
    "\n",
    "## combining channels example:\n",
    "## Red and green added to channel 2\n",
    "#rgArray.combineChannels(0, 1, replace=2)\n",
    "## Display channel 2 as yellow\n",
    "#rgArray.makeImage(20, channels=(2, 2, None)).show()\n",
    "\n",
    "## clustering example:\n",
    "#sortedArray = rgArray.hierarchicalCluster()\n",
    "#sortedArray.makeImage(20).show()\n",
    "#print(rgArray.rowData)\n",
    "#print(sortedArray.rowData)\n",
    "\n"
   ]
  },
  {
   "cell_type": "markdown",
   "id": "d7ccd623-0c87-4f29-9dea-837304ae7681",
   "metadata": {},
   "source": [
    "### Python code for importing two array channels, taking one away from the other and storing the results of positive or negative values in red or green color channels"
   ]
  },
  {
   "cell_type": "code",
   "execution_count": 54,
   "id": "2c803810-30a8-4d8d-a26e-a25391c573c4",
   "metadata": {
    "collapsed": true,
    "jupyter": {
     "outputs_hidden": true
    },
    "tags": []
   },
   "outputs": [
    {
     "name": "stderr",
     "output_type": "stream",
     "text": [
      "/var/folders/6v/n7k6518972x6bfvr4s25jp240000gn/T/ipykernel_5096/1296736070.py:104: FutureWarning: Using a non-tuple sequence for multidimensional indexing is deprecated; use `arr[tuple(seq)]` instead of `arr[seq]`. In the future this will be interpreted as an array index, `arr[np.array(seq)]`, which will result either in an error or a different result.\n",
      "  maxVal = self.data[channels].max()\n",
      "/var/folders/6v/n7k6518972x6bfvr4s25jp240000gn/T/ipykernel_5096/1296736070.py:110: FutureWarning: Using a non-tuple sequence for multidimensional indexing is deprecated; use `arr[tuple(seq)]` instead of `arr[seq]`. In the future this will be interpreted as an array index, `arr[np.array(seq)]`, which will result either in an error or a different result.\n",
      "  boolArray = self.data[channels] < limit\n",
      "/var/folders/6v/n7k6518972x6bfvr4s25jp240000gn/T/ipykernel_5096/1296736070.py:115: FutureWarning: Using a non-tuple sequence for multidimensional indexing is deprecated; use `arr[tuple(seq)]` instead of `arr[seq]`. In the future this will be interpreted as an array index, `arr[np.array(seq)]`, which will result either in an error or a different result.\n",
      "  self.data[channels] -= limit\n",
      "/var/folders/6v/n7k6518972x6bfvr4s25jp240000gn/T/ipykernel_5096/1296736070.py:116: FutureWarning: Using a non-tuple sequence for multidimensional indexing is deprecated; use `arr[tuple(seq)]` instead of `arr[seq]`. In the future this will be interpreted as an array index, `arr[np.array(seq)]`, which will result either in an error or a different result.\n",
      "  self.data[channels] *= maxVal / (maxVal-limit)\n"
     ]
    }
   ],
   "source": [
    "# uses the example png file given it is in the same directory \n",
    "\n",
    "imgFile = 'RedGreenArray.png'\n",
    "rgArray = loadArrayImage(imgFile, 'TwoChannel', 18, 17)\n",
    "\n",
    "# make comparison\n",
    "diff = rgArray.data[0]-rgArray.data[1]\n",
    "\n",
    "rgArray.setChannel(diff, 0)\n",
    "# flips sign of green channel\n",
    "rgArray.setChannel(-diff, 1)\n",
    "\n",
    "# clip values and set a lower threshold\n",
    "rgArray.clipBaseline(threshold=0.0, channels=(0,1))\n",
    "\n",
    "rgArray.makeImage(20).show()\n"
   ]
  },
  {
   "cell_type": "markdown",
   "id": "eea7f433-68b4-4d98-ac9b-875c128b875d",
   "metadata": {},
   "source": [
    "### Python code for combining two-channel red and green array data with the logarithm (base 2) of the ratio of the red and green channels"
   ]
  },
  {
   "cell_type": "code",
   "execution_count": 65,
   "id": "6564e93e-4748-4394-aa9b-a2ae68c5cf09",
   "metadata": {},
   "outputs": [],
   "source": [
    "# FIX\n",
    "# for some reason this is only generating a black image....\n",
    "\n",
    "from numpy import log2\n",
    "\n",
    "# function for getting the log2 ratio of the channels \n",
    "def log2Ratio(data1, data2):\n",
    "    \n",
    "    data1 = array(data1) + 1e-3\n",
    "    data2 = array(data2) + 1e-3\n",
    "    \n",
    "    return log2(data1/data2)\n",
    "\n",
    "imgFile = 'RedGreenArray.png'\n",
    "rgArray = loadArrayImage(imgFile, 'TwoChannel', 18, 17)\n",
    "\n",
    "rgArray.combineChannels(0, 1, combFunc=log2Ratio, replace=2)\n",
    "\n",
    "rgArray.makeImage(20, channels=(2,2,2)).show()  "
   ]
  },
  {
   "cell_type": "markdown",
   "id": "4b26fa9e-34bd-46e3-b053-4802e2749e8c",
   "metadata": {},
   "source": [
    "### Python code for searching each row in a 2D array data to generate a matrix of differences to this row (squared and then square-rooted values are replaced)"
   ]
  },
  {
   "cell_type": "code",
   "execution_count": 56,
   "id": "5f7c8109-e2f6-48d0-b175-6b47174fe7c9",
   "metadata": {
    "collapsed": true,
    "jupyter": {
     "outputs_hidden": true
    },
    "tags": []
   },
   "outputs": [
    {
     "data": {
      "text/plain": [
       "array([[0.00000000e+00, 6.36544758e+09, 1.51271695e+10, 3.32158272e+09,\n",
       "        1.09919084e+10, 1.51928651e+10, 2.21523195e+10, 1.71314757e+10,\n",
       "        2.77636647e+09, 1.17394949e+08, 5.96021041e+09, 1.51276623e+10,\n",
       "        3.86348797e+09, 8.22223354e+09, 1.51110649e+10, 2.14586803e+10,\n",
       "        1.45465933e+10, 2.87317076e+09],\n",
       "       [6.36544758e+09, 0.00000000e+00, 1.01661972e+10, 5.69572587e+09,\n",
       "        1.06364731e+10, 1.40070377e+10, 2.19707045e+10, 1.19901940e+10,\n",
       "        5.43226400e+09, 6.47177176e+09, 8.86528200e+07, 1.02297694e+10,\n",
       "        5.71490708e+09, 8.23782550e+09, 1.39420844e+10, 2.10204647e+10,\n",
       "        1.01773661e+10, 5.18086694e+09],\n",
       "       [1.51271695e+10, 1.01661972e+10, 0.00000000e+00, 1.28670847e+10,\n",
       "        7.65340349e+09, 1.79723329e+10, 1.75852635e+10, 1.04869309e+10,\n",
       "        1.20963273e+10, 1.53840694e+10, 1.05887315e+10, 6.65484240e+07,\n",
       "        1.26714419e+10, 6.82404630e+09, 1.79045631e+10, 1.73254684e+10,\n",
       "        9.99710952e+09, 1.15679274e+10],\n",
       "       [3.32158272e+09, 5.69572587e+09, 1.28670847e+10, 0.00000000e+00,\n",
       "        1.30122213e+10, 1.53881229e+10, 2.20412932e+10, 1.51588642e+10,\n",
       "        1.09199155e+09, 3.61885006e+09, 5.55150932e+09, 1.28251274e+10,\n",
       "        1.22031255e+08, 9.76951037e+09, 1.53569031e+10, 2.13284958e+10,\n",
       "        1.29387840e+10, 1.15099702e+09],\n",
       "       [1.09919084e+10, 1.06364731e+10, 7.65340349e+09, 1.30122213e+10,\n",
       "        0.00000000e+00, 2.21401845e+10, 1.79057718e+10, 1.51685895e+10,\n",
       "        1.28484584e+10, 1.08043690e+10, 1.05178676e+10, 7.93320099e+09,\n",
       "        1.30683013e+10, 3.66704491e+08, 2.20729643e+10, 1.72376212e+10,\n",
       "        1.32421954e+10, 1.23948897e+10],\n",
       "       [1.51928651e+10, 1.40070377e+10, 1.79723329e+10, 1.53881229e+10,\n",
       "        2.21401845e+10, 0.00000000e+00, 1.13603908e+10, 1.53888507e+10,\n",
       "        1.52764793e+10, 1.52739455e+10, 1.41706439e+10, 1.79737461e+10,\n",
       "        1.58196286e+10, 1.94543507e+10, 4.22286250e+07, 1.08914442e+10,\n",
       "        1.42849448e+10, 1.44425170e+10],\n",
       "       [2.21523195e+10, 2.19707045e+10, 1.75852635e+10, 2.20412932e+10,\n",
       "        1.79057718e+10, 1.13603908e+10, 0.00000000e+00, 1.50107869e+10,\n",
       "        2.27440481e+10, 2.21979288e+10, 2.23500732e+10, 1.75904750e+10,\n",
       "        2.21442776e+10, 1.73961024e+10, 1.16527068e+10, 9.79561980e+07,\n",
       "        1.43355700e+10, 2.17164400e+10],\n",
       "       [1.71314757e+10, 1.19901940e+10, 1.04869309e+10, 1.51588642e+10,\n",
       "        1.51685895e+10, 1.53888507e+10, 1.50107869e+10, 0.00000000e+00,\n",
       "        1.49796340e+10, 1.74543487e+10, 1.21340335e+10, 1.02012257e+10,\n",
       "        1.51513519e+10, 1.32365881e+10, 1.52488816e+10, 1.42340563e+10,\n",
       "        2.77001958e+08, 1.43120972e+10],\n",
       "       [2.77636647e+09, 5.43226400e+09, 1.20963273e+10, 1.09199155e+09,\n",
       "        1.28484584e+10, 1.52764793e+10, 2.27440481e+10, 1.49796340e+10,\n",
       "        0.00000000e+00, 3.26452322e+09, 5.31568802e+09, 1.21852948e+10,\n",
       "        1.36332842e+09, 9.60219227e+09, 1.52406532e+10, 2.20725629e+10,\n",
       "        1.28268857e+10, 1.42639465e+08],\n",
       "       [1.17394949e+08, 6.47177176e+09, 1.53840694e+10, 3.61885006e+09,\n",
       "        1.08043690e+10, 1.52739455e+10, 2.21979288e+10, 1.74543487e+10,\n",
       "        3.26452322e+09, 0.00000000e+00, 6.04957979e+09, 1.53749028e+10,\n",
       "        4.11898223e+09, 8.20276858e+09, 1.51925559e+10, 2.15236539e+10,\n",
       "        1.49375330e+10, 3.34789425e+09],\n",
       "       [5.96021041e+09, 8.86528200e+07, 1.05887315e+10, 5.55150932e+09,\n",
       "        1.05178676e+10, 1.41706439e+10, 2.23500732e+10, 1.21340335e+10,\n",
       "        5.31568802e+09, 6.04957979e+09, 0.00000000e+00, 1.06391661e+10,\n",
       "        5.62863977e+09, 8.11907319e+09, 1.40684012e+10, 2.13686615e+10,\n",
       "        1.02534742e+10, 5.04095760e+09],\n",
       "       [1.51276623e+10, 1.02297694e+10, 6.65484240e+07, 1.28251274e+10,\n",
       "        7.93320099e+09, 1.79737461e+10, 1.75904750e+10, 1.02012257e+10,\n",
       "        1.21852948e+10, 1.53749028e+10, 1.06391661e+10, 0.00000000e+00,\n",
       "        1.26011786e+10, 7.08097617e+09, 1.78929137e+10, 1.73309886e+10,\n",
       "        9.79112411e+09, 1.16593561e+10],\n",
       "       [3.86348797e+09, 5.71490708e+09, 1.26714419e+10, 1.22031255e+08,\n",
       "        1.30683013e+10, 1.58196286e+10, 2.21442776e+10, 1.51513519e+10,\n",
       "        1.36332842e+09, 4.11898223e+09, 5.62863977e+09, 1.26011786e+10,\n",
       "        0.00000000e+00, 9.97775552e+09, 1.57933591e+10, 2.14476599e+10,\n",
       "        1.30371746e+10, 1.46494478e+09],\n",
       "       [8.22223354e+09, 8.23782550e+09, 6.82404630e+09, 9.76951037e+09,\n",
       "        3.66704491e+08, 1.94543507e+10, 1.73961024e+10, 1.32365881e+10,\n",
       "        9.60219227e+09, 8.20276858e+09, 8.11907319e+09, 7.08097617e+09,\n",
       "        9.97775552e+09, 0.00000000e+00, 1.93747947e+10, 1.67217761e+10,\n",
       "        1.11890224e+10, 9.24162570e+09],\n",
       "       [1.51110649e+10, 1.39420844e+10, 1.79045631e+10, 1.53569031e+10,\n",
       "        2.20729643e+10, 4.22286250e+07, 1.16527068e+10, 1.52488816e+10,\n",
       "        1.52406532e+10, 1.51925559e+10, 1.40684012e+10, 1.78929137e+10,\n",
       "        1.57933591e+10, 1.93747947e+10, 0.00000000e+00, 1.11856131e+10,\n",
       "        1.41600148e+10, 1.44145542e+10],\n",
       "       [2.14586803e+10, 2.10204647e+10, 1.73254684e+10, 2.13284958e+10,\n",
       "        1.72376212e+10, 1.08914442e+10, 9.79561980e+07, 1.42340563e+10,\n",
       "        2.20725629e+10, 2.15236539e+10, 2.13686615e+10, 1.73309886e+10,\n",
       "        2.14476599e+10, 1.67217761e+10, 1.11856131e+10, 0.00000000e+00,\n",
       "        1.35676672e+10, 2.10157489e+10],\n",
       "       [1.45465933e+10, 1.01773661e+10, 9.99710952e+09, 1.29387840e+10,\n",
       "        1.32421954e+10, 1.42849448e+10, 1.43355700e+10, 2.77001958e+08,\n",
       "        1.28268857e+10, 1.49375330e+10, 1.02534742e+10, 9.79112411e+09,\n",
       "        1.30371746e+10, 1.11890224e+10, 1.41600148e+10, 1.35676672e+10,\n",
       "        0.00000000e+00, 1.22225684e+10],\n",
       "       [2.87317076e+09, 5.18086694e+09, 1.15679274e+10, 1.15099702e+09,\n",
       "        1.23948897e+10, 1.44425170e+10, 2.17164400e+10, 1.43120972e+10,\n",
       "        1.42639465e+08, 3.34789425e+09, 5.04095760e+09, 1.16593561e+10,\n",
       "        1.46494478e+09, 9.24162570e+09, 1.44145542e+10, 2.10157489e+10,\n",
       "        1.22225684e+10, 0.00000000e+00]])"
      ]
     },
     "execution_count": 56,
     "metadata": {},
     "output_type": "execute_result"
    }
   ],
   "source": [
    "# creates a distance matrix from the differences of each row\n",
    "# adapted method from the hierchaical clustering mehtods\n",
    "# only creates the distance matrix\n",
    "\n",
    "imgFile = 'RedGreenArray.png'\n",
    "rgArray = loadArrayImage(imgFile, 'TwoChannel', 18, 17)\n",
    "disMatrix = rgArray.distanceMatrix()\n",
    "disMatrix"
   ]
  },
  {
   "cell_type": "markdown",
   "id": "43fb9bbb-a11a-42a3-ace7-c7192944c664",
   "metadata": {},
   "source": [
    "### Python code  to normalize data values for fluorescence intensity data using a log scale"
   ]
  },
  {
   "cell_type": "code",
   "execution_count": 61,
   "id": "5ac04735-cb41-4485-b699-d4c71c00f2f2",
   "metadata": {
    "collapsed": true,
    "jupyter": {
     "outputs_hidden": true
    },
    "tags": []
   },
   "outputs": [
    {
     "name": "stderr",
     "output_type": "stream",
     "text": [
      "/var/folders/6v/n7k6518972x6bfvr4s25jp240000gn/T/ipykernel_5096/1296736070.py:104: FutureWarning: Using a non-tuple sequence for multidimensional indexing is deprecated; use `arr[tuple(seq)]` instead of `arr[seq]`. In the future this will be interpreted as an array index, `arr[np.array(seq)]`, which will result either in an error or a different result.\n",
      "  maxVal = self.data[channels].max()\n",
      "/var/folders/6v/n7k6518972x6bfvr4s25jp240000gn/T/ipykernel_5096/1296736070.py:110: FutureWarning: Using a non-tuple sequence for multidimensional indexing is deprecated; use `arr[tuple(seq)]` instead of `arr[seq]`. In the future this will be interpreted as an array index, `arr[np.array(seq)]`, which will result either in an error or a different result.\n",
      "  boolArray = self.data[channels] < limit\n",
      "/var/folders/6v/n7k6518972x6bfvr4s25jp240000gn/T/ipykernel_5096/1296736070.py:115: FutureWarning: Using a non-tuple sequence for multidimensional indexing is deprecated; use `arr[tuple(seq)]` instead of `arr[seq]`. In the future this will be interpreted as an array index, `arr[np.array(seq)]`, which will result either in an error or a different result.\n",
      "  self.data[channels] -= limit\n",
      "/var/folders/6v/n7k6518972x6bfvr4s25jp240000gn/T/ipykernel_5096/1296736070.py:116: FutureWarning: Using a non-tuple sequence for multidimensional indexing is deprecated; use `arr[tuple(seq)]` instead of `arr[seq]`. In the future this will be interpreted as an array index, `arr[np.array(seq)]`, which will result either in an error or a different result.\n",
      "  self.data[channels] *= maxVal / (maxVal-limit)\n"
     ]
    }
   ],
   "source": [
    "imgFile = 'RedGreenArray.png'\n",
    "rgArray = loadArrayImage(imgFile, 'TwoChannel', 18, 17)\n",
    "\n",
    "rgArray.normaliseLogMean()\n",
    "rgArray.makeImage(25).show()\n",
    "\n",
    "\n"
   ]
  },
  {
   "cell_type": "code",
   "execution_count": null,
   "id": "59706764-8a8c-4739-a788-c6b833a2124c",
   "metadata": {},
   "outputs": [],
   "source": []
  }
 ],
 "metadata": {
  "kernelspec": {
   "display_name": "Python 3 (ipykernel)",
   "language": "python",
   "name": "python3"
  },
  "language_info": {
   "codemirror_mode": {
    "name": "ipython",
    "version": 3
   },
   "file_extension": ".py",
   "mimetype": "text/x-python",
   "name": "python",
   "nbconvert_exporter": "python",
   "pygments_lexer": "ipython3",
   "version": "3.8.12"
  }
 },
 "nbformat": 4,
 "nbformat_minor": 5
}
